[基线] 真实 80 图 (gain=1.4): 输出幅值 0.259  静默 4.8%  饱和 3.6%  std 0.469
[基线] 后续所有 gain 标定均以输出幅值 0.259 为目标

================================================================================================================
甜蜜点二维扫描：节点数 N x 平均度 D   (输入 32 / 输出 16 固定，路线 A)
================================================================================================================
   N   度    边数             单帧ms    训练min    幅值@1.4    静默@1.4    最优gain      幅值     静默%     饱和%
----------------------------------------------------------------------------------------------------------------
  80   16     1280       0.0100        5     0.095       7.1       2.0   0.266     3.7     0.0
 150   16     2400       0.0161        8     0.095       9.1       1.9   0.253     4.2     0.0
 150   30     4500       0.0327       17     0.079       9.9       2.0   0.255     3.7     0.0
 300   16     4800       0.0331       17     0.085       8.7       1.9   0.244     4.1     0.0
 300   30     9000       0.0842       44     0.070      10.8       2.0   0.252     4.1     0.0
 300   45    13500       0.1413       73     0.067      11.9       2.0   0.249     3.9     0.0
 500   16     8000       0.0763       40     0.064      10.5       2.2   0.248     4.3     0.0
 500   30    15000       0.1645       85     0.063      12.0       2.1   0.242     4.5     0.0
 500   45    22500       0.1709       89     0.061      12.9       2.1   0.245     4.3     0.0
 800   16    12800       0.1073       56     0.074       9.6       2.0   0.256     4.1     0.0
 800   30    24000       0.1848       96     0.065      11.5       2.1   0.268     3.9     0.0
1200   16    19200       0.1760       91     0.069       9.7       2.2   0.273     4.0     0.0
1200   30    36000       0.2828      147     0.067      11.9       2.1   0.253     4.7     0.0
1500   30    45000       0.3505      182     0.071      11.1       2.0   0.237     4.6     0.0
1500   60    90000       1.0338      536     0.069      13.2       2.0   0.245     4.5     0.0
----------------------------------------------------------------------------------------------------------------
  REAL 80     1296       0.0106        6     0.262       4.8       1.4   0.262     4.8     3.5

================================================================================================================
综合评分（越高越好）  权重: 规模增益 30% / 训练可控 25% / 信号可恢复 25% / 可视化 20%
================================================================================================================
   N   度    边数              规模增益      训练可控       信号可恢复       可视化       总分
----------------------------------------------------------------------------------------------------------------
  80   16     1280             0       100          94       100     68.6
 150   16     2400            21       100          96        85     72.4
 150   30     4500            21        85          97        85     68.9
 300   16     4800            45        85          88        85     73.9
 300   30     9000            45        65          95        65     66.5
 300   45    13500            45        45          93        45     56.9
 500   16     8000            63        65          91        65     70.9
 500   30    15000            63        45          87        45     60.8
 500   45    22500            63        45          90        45     61.4
 800   16    12800            79        65          98        45     73.2
 800   30    24000            79        45          93        45     67.0
1200   16    19200            92        45          89        45     70.1
1200   30    36000            92        25          95        28     63.4
1500   30    45000           100        25          83        28     62.6
1500   60    90000           100        10          90        15     57.9
----------------------------------------------------------------------------------------------------------------
>>> 综合最优: N=300, 平均度=16, 边数=4800, 最优 gain=1.9, 训练≈17 分钟
